19.8 59142144 498151424
0.0 59461632 498692096
0.0 59461632 498692096
0.0 59613184 567971840
0.0 59822080 568233984
0.0 59928576 568233984
0.0 60661760 569085952
0.0 60661760 569085952
0.0 60661760 569085952
0.0 60817408 569085952
0.0 60817408 569085952
0.0 60817408 569085952
0.0 60817408 569085952
0.0 60817408 569085952
0.0 60817408 569085952
0.0 60817408 569085952
0.0 60817408 569085952
0.0 60817408 569085952
0.0 60817408 569085952
0.0 60817408 569085952
0.0 60817408 569085952
0.0 60817408 569085952
0.0 60817408 569085952
0.0 60817408 569085952
0.0 60817408 569085952
0.0 60817408 569085952
0.0 60817408 569085952
0.0 60817408 569085952
39.9 60817408 569085952
0.0 60817408 569085952
0.0 60817408 569085952
0.0 60817408 569085952
0.0 60817408 569085952
0.0 60817408 569085952
0.0 60817408 569085952
0.0 60817408 569085952
0.0 60817408 569085952
0.0 60817408 569085952
0.0 60817408 569085952
0.0 60817408 569085952
0.0 60817408 569085952
0.0 60817408 569085952
20.0 60817408 569085952
0.0 60817408 569085952
0.0 60817408 569085952
0.0 60817408 569085952
0.0 60817408 569085952
0.0 60817408 569085952
0.0 60817408 569085952
0.0 60817408 569085952
0.0 60817408 569085952
0.0 60817408 569085952
0.0 60817408 569085952
0.0 60817408 569085952
0.0 60817408 569085952
0.0 60817408 569085952
0.0 60817408 569085952
0.0 60817408 569085952
0.0 60817408 569085952
0.0 60817408 569085952
